00 00 00 00 00 00 00 00 00 00 00 00 00 00 00 00 00 00 00 00 00 00 00 00 00 00 00 00 00 00
00 01 02 02 02 02 02 02 02 02 02 02 02 02 03 04 02 02 02 02 02 02 02 02 02 02 02 02 06 00
00 07 08 08 08 08 08 08 08 08 08 08 08 08 09 09 08 08 08 08 08 08 08 08 08 08 08 08 13 00
00 07 08 10 11 11 12 08 10 11 11 11 12 08 09 09 08 10 11 11 11 12 08 10 11 11 12 08 13 00
00 07 14 09 00 00 09 08 09 00 00 00 09 08 09 09 08 09 00 00 00 09 08 09 00 00 09 14 13 00
00 07 08 15 11 11 16 08 15 11 11 11 16 08 15 16 08 15 11 11 11 16 08 15 11 11 16 08 13 00
00 07 08 08 08 08 08 08 08 08 08 08 08 08 08 08 08 08 08 08 08 08 08 08 08 08 08 08 13 00
00 07 08 10 11 11 12 08 10 12 08 10 11 11 11 11 11 11 12 08 10 12 08 10 11 11 12 08 13 00
00 07 08 15 11 11 16 08 09 09 08 15 11 11 12 10 11 11 16 08 09 09 08 15 11 11 16 08 13 00
00 07 08 08 08 08 08 08 09 09 08 08 08 08 09 09 08 08 08 08 09 09 08 08 08 08 08 08 13 00
00 17 18 18 18 18 19 08 09 15 11 11 12 00 09 09 00 10 11 11 16 09 08 20 18 18 18 18 21 00
00 00 00 00 00 00 07 08 09 10 11 11 16 00 15 16 00 15 11 11 12 09 08 13 00 00 00 00 00 00
00 00 00 00 00 00 07 08 09 09 00 00 00 00 00 00 00 00 00 00 09 09 08 13 00 00 00 00 00 00
00 00 00 00 00 00 07 08 09 09 00 22 18 23 24 24 25 18 26 00 09 09 08 13 00 00 00 00 00 00
00 02 02 02 02 02 27 08 15 16 00 13 00 00 00 00 00 00 07 00 15 16 08 28 02 02 02 02 02 00
40 00 00 00 00 00 00 08 00 00 00 13 00 00 00 00 00 00 07 00 00 00 08 00 00 00 00 00 00 40
00 18 18 18 18 18 19 08 10 12 00 13 00 00 00 00 00 00 07 00 10 12 08 20 18 18 18 18 18 00
00 00 00 00 00 00 07 08 09 09 00 30 02 02 02 02 02 02 31 00 09 09 08 13 00 00 00 00 00 00
00 00 00 00 00 00 07 08 09 09 00 00 00 00 00 00 00 00 00 00 09 09 08 13 00 00 00 00 00 00
00 00 00 00 00 00 07 08 09 09 00 10 11 11 11 11 11 11 12 00 09 09 08 13 00 00 00 00 00 00
00 01 02 02 02 02 27 08 15 16 00 15 11 11 12 10 11 11 16 00 15 16 08 28 02 02 02 02 06 00
00 07 08 08 08 08 08 08 08 08 08 08 08 08 09 09 08 08 08 08 08 08 08 08 08 08 08 08 13 00
00 07 08 10 11 11 12 08 10 11 11 11 12 08 09 09 08 10 11 11 11 12 08 10 11 11 12 08 13 00
00 07 08 15 11 12 09 08 15 11 11 11 16 08 15 16 08 15 11 11 11 16 08 09 10 11 16 08 13 00
00 07 14 08 08 09 09 08 08 08 08 08 08 08 08 08 08 08 08 08 08 08 08 09 09 08 08 14 13 00
00 32 11 12 08 09 09 08 10 12 08 10 11 11 11 11 11 11 12 08 10 12 08 09 09 08 10 11 33 00
00 05 11 16 08 15 16 08 09 09 08 15 11 11 12 10 11 11 16 08 09 09 08 15 16 08 15 11 29 00
00 07 08 08 08 08 08 08 09 09 08 08 08 08 09 09 08 08 08 08 09 09 08 08 08 08 08 08 13 00
00 07 08 10 11 11 11 11 16 15 11 11 12 08 09 09 08 10 11 11 16 15 11 11 11 11 12 08 13 00
00 07 08 15 11 11 11 11 11 11 11 11 16 08 15 16 08 15 11 11 11 11 11 11 11 11 16 08 13 00
00 07 08 08 08 08 08 08 08 08 08 08 08 08 08 08 08 08 08 08 08 08 08 08 08 08 08 08 13 00
00 17 18 18 18 18 18 18 18 18 18 18 18 18 18 18 18 18 18 18 18 18 18 18 18 18 18 18 21 00
00 00 00 00 00 00 00 00 00 00 00 00 00 00 00 00 00 00 00 00 00 00 00 00 00 00 00 00 00 00